Alamo Lake|196|15|90|57|56|4|14|23|63|92
Buckskin Mountain|84|30|86|55|55|0|3|22|29|30
Catalina|152|25|155|66|69|0|19|0|14|119
Cattail Cove|61|32|69|45|44|0|2|30|23|6
Dead Horse Ranch|149|24|150|57|60|1|6|22|44|76
Fool Hollow Lake|121|24|129|56|54|2|4|22|51|42
Homolovi|53|50|150|67|50|0|0|0|44|9
Kartchner Caverns|62|24|78|53|56|1|5|11|26|19
Lake Havasu|54|48|125|59|55|0|0|0|37|17
Lost Dutchman|163|30|172|70|66|0|10|35|21|97
Lyman Lake|56|40|100|62|60|0|0|1|22|33
Patagonia Lake|107|22|55|38|40|6|25|61|15|0
Picacho Peak|85|53|109|72|62|0|0|0|26|59
River Island|37|24|57|47|54|8|0|0|29|0
Roper Lake|64|15|70|48|48|4|1|9|40|10
